0.30000 3.10761600
0.60000 17.50156800
0.90000 10.92134400
1.20000 17.46729600
1.50000 17.43302400
1.80000 11.51539200
2.10000 10.81852800
2.40000 17.45587200
2.70000 17.44444800
3.00000 17.43302400
3.30000 16.79328000
3.60000 10.96704000
3.90000 11.45827200
4.20000 17.46729600
4.50000 11.50396800
4.80000 17.44444800
5.10000 6.16896000
5.40000 10.95561600
5.70000 16.78185600
6.00000 16.81612800
6.30000 5.43782400
6.60000 17.46729600
6.90000 11.90380800
7.20000 16.24492800
7.50000 16.16496000
7.80000 10.72713600
8.10000 10.71571200
8.40000 15.23961600
8.70000 16.15353600
9.00000 10.33872000
9.30000 10.78425600
9.60000 15.70800000
9.90000 17.95852800
10.20000 5.67772800
10.50000 16.05072000
10.80000 10.25875200
11.10000 15.70800000
11.40000 16.16496000
11.70000 15.70800000
12.00000 16.15353600
12.30000 12.54355200
12.60000 16.17638400
12.90000 17.49014400
13.20000 12.00662400
13.50000 16.24492800
13.80000 17.46729600
14.10000 19.43222400
14.40000 17.53584000
14.70000 17.46729600
15.00000 17.46729600
15.30000 21.48854400
15.60000 11.56108800
15.90000 17.46729600
16.20000 14.15433600
16.50000 12.87484800
16.80000 12.15513600
17.10000 16.82755200
17.40000 17.44444800
17.70000 17.46729600
18.00000 17.46729600
18.30000 17.45587200
18.60000 11.48112000
18.90000 11.46969600
19.20000 12.15513600
19.50000 16.78185600
19.80000 16.79328000
20.10000 17.46729600
20.40000 17.46729600
20.70000 17.45587200
21.00000 17.45587200
21.30000 17.46729600
21.60000 19.38652800
21.90000 17.58153600
22.20000 19.47792000
22.50000 13.46889600
22.80000 17.60438400
23.10000 12.97766400
23.40000 17.46729600
23.70000 17.46729600
24.00000 14.21145600
24.30000 10.80710400
24.60000 19.36368000
24.90000 12.33792000
25.20000 5.73484800
25.50000 15.76512000
25.80000 17.45587200
26.10000 11.49254400
26.40000 10.95561600
26.70000 16.79328000
27.00000 10.78425600
27.30000 18.84960000
27.60000 10.33872000
27.90000 16.80470400
28.20000 12.22368000
28.50000 16.15353600
28.80000 11.43542400
29.10000 16.80470400
29.40000 19.53504000
29.70000 17.45587200
30.00000 16.15353600
30.30000 17.45587200
30.60000 16.77043200
30.90000 17.46729600
31.20000 17.46729600
31.50000 13.77734400
31.80000 16.06214400
32.10000 17.45587200
32.40000 12.32649600
32.70000 16.65619200
33.00000 6.35174400
33.30000 10.08739200
33.60000 17.45587200
33.90000 10.96704000
34.20000 17.39875200
34.50000 17.45587200
34.80000 16.80470400
35.10000 12.38361600
35.40000 5.30073600
35.70000 18.64396800
36.00000 17.67292800
36.30000 10.96704000
36.60000 11.51539200
36.90000 10.96704000
37.20000 17.38732800
37.50000 17.44444800
37.80000 17.45587200
38.10000 1.05100800
38.40000 16.64476800
38.70000 16.15353600
39.00000 12.46358400
39.30000 16.49625600
39.60000 11.42400000
39.90000 17.43302400
40.20000 17.45587200
40.50000 17.46729600
40.80000 17.41017600
41.10000 13.26326400
41.40000 12.76060800
41.70000 10.40726400
42.00000 17.46729600
42.30000 17.45587200
42.60000 17.46729600
42.90000 19.53504000
43.20000 17.45587200
43.50000 17.46729600
43.80000 16.78185600
44.10000 16.81612800
44.40000 11.48112000
44.70000 17.45587200
45.00000 16.80470400
45.30000 10.78425600
45.60000 19.51219200
45.90000 11.52681600
46.20000 17.46729600
46.50000 16.80470400
46.80000 11.93808000
47.10000 16.30204800
47.40000 16.24492800
47.70000 21.47712000
48.00000 17.46729600
48.30000 16.79328000
48.60000 12.00662400
48.90000 18.32409600
49.20000 19.51219200
49.50000 17.46729600
49.80000 17.44444800
50.10000 16.80470400
50.40000 12.66921600
50.70000 9.69897600
51.00000 17.35305600
51.30000 17.46729600
51.60000 6.98006400
51.90000 11.18409600
52.20000 11.46969600
52.50000 10.81852800
52.80000 10.22448000
53.10000 17.43302400
53.40000 17.45587200
53.70000 17.45587200
54.00000 17.46729600
54.30000 16.81612800
54.60000 17.45587200
54.90000 11.40115200
55.20000 16.80470400
55.50000 17.46729600
55.80000 17.46729600
56.10000 17.45587200
56.40000 5.48352000
56.70000 19.18089600
57.00000 17.29593600
57.30000 17.34163200
57.60000 10.97846400
57.90000 13.54886400
58.20000 19.52361600
58.50000 12.82915200
58.80000 16.08499200
59.10000 12.62352000
59.40000 17.15884800
59.70000 17.46729600
60.00000 17.45587200
60.30000 11.48112000
60.60000 13.51459200
60.90000 17.45587200
61.20000 16.90752000
61.50000 11.33260800
61.80000 21.18009600
62.10000 11.84668800
62.40000 17.45587200
62.70000 17.46729600
63.00000 19.52361600
63.30000 6.35174400
63.60000 15.45667200
63.90000 13.41177600
64.20000 17.46729600
64.50000 12.24652800
64.80000 15.98217600
65.10000 17.43302400
65.40000 12.95481600
65.70000 15.97075200
66.00000 17.45587200
66.30000 11.45827200
66.60000 12.32649600
66.90000 9.44764800
67.20000 12.96624000
67.50000 5.48352000
67.80000 15.99360000
68.10000 16.80470400
68.40000 16.94179200
68.70000 11.29833600
69.00000 11.45827200
69.30000 16.78185600
69.60000 17.45587200
69.90000 17.46729600
70.20000 7.35705600
70.50000 10.41868800
70.80000 17.46729600
71.10000 16.79328000
71.40000 17.46729600
71.70000 17.46729600
72.00000 16.80470400
72.30000 10.97846400
72.60000 16.79328000
72.90000 19.38652800
73.20000 17.46729600
73.50000 13.56028800
73.80000 16.95321600
74.10000 11.30976000
74.40000 16.95321600
74.70000 17.28451200
75.00000 11.44684800
75.30000 17.45587200
75.60000 11.46969600
75.90000 16.96464000
76.20000 17.30736000
76.50000 19.03238400
76.80000 17.26166400
77.10000 17.46729600
77.40000 17.45587200
77.70000 18.35836800
78.00000 16.64476800
78.30000 10.44153600
78.60000 11.34403200
78.90000 11.49254400
79.20000 16.79328000
79.50000 17.46729600
79.80000 19.02096000
80.10000 17.29593600
80.40000 17.46729600
80.70000 11.44684800
81.00000 17.45587200
81.30000 16.96464000
81.60000 17.30736000
81.90000 16.31347200
82.20000 12.81772800
82.50000 17.99280000
82.80000 16.81612800
83.10000 13.26326400
83.40000 10.97846400
83.70000 5.75769600
84.00000 14.24572800
84.30000 13.30896000
84.60000 17.22739200
84.90000 8.13388800
85.20000 10.07596800
85.50000 7.27708800
85.80000 15.60518400
86.10000 11.43542400
86.40000 16.15353600
86.70000 10.49865600
87.00000 7.44844800
87.30000 15.35385600
87.60000 11.51539200
87.90000 17.44444800
88.20000 17.46729600
88.50000 17.45587200
88.80000 17.43302400
89.10000 19.51219200
89.40000 12.73776000
89.70000 15.54806400
90.00000 19.53504000
90.30000 7.65408000
90.60000 11.20694400
90.90000 17.06745600
91.20000 11.33260800
91.50000 19.52361600
91.80000 11.46969600
92.10000 16.81612800
92.40000 16.80470400
92.70000 16.98748800
93.00000 17.28451200
93.30000 17.45587200
93.60000 19.51219200
93.90000 17.46729600
94.20000 13.48032000
94.50000 15.45667200
94.80000 17.45587200
95.10000 16.81612800
95.40000 17.45587200
95.70000 13.02336000
96.00000 11.41257600
96.30000 17.46729600
96.60000 11.46969600
96.90000 17.46729600
97.20000 13.53744000
97.50000 14.93116800
97.80000 10.28160000
98.10000 17.26166400
98.40000 17.44444800
98.70000 11.53824000
99.00000 16.80470400
99.30000 2.11344000
99.60000 4.35254400
99.90000 18.12988800
100.20000 13.60598400
100.50000 15.33100800
100.80000 16.80470400
101.10000 15.69657600
101.40000 16.85040000
101.70000 11.48112000
102.00000 17.46729600
102.30000 19.51219200
102.60000 13.62883200
102.90000 15.27388800
103.20000 11.42400000
103.50000 16.81612800
103.80000 13.67452800
104.10000 9.28771200
104.40000 13.69737600
104.70000 16.62192000
105.00000 18.11846400
105.30000 17.01033600
105.60000 17.21596800
105.90000 17.44444800
106.20000 17.43302400
106.50000 11.46969600
106.80000 17.43302400
107.10000 16.80470400
107.40000 17.45587200
107.70000 11.48112000
108.00000 19.51219200
108.30000 17.45587200
108.60000 12.28080000
108.90000 12.16656000
109.20000 16.37059200
109.50000 12.79488000
109.80000 17.46729600
110.10000 17.44444800
110.40000 17.46729600
110.70000 19.51219200
111.00000 7.76832000
111.30000 9.15062400
111.60000 17.44444800
111.90000 8.11104000
112.20000 6.00902400
112.50000 15.94790400
112.80000 12.25795200
113.10000 15.87936000
113.40000 9.07065600
113.70000 17.46729600
114.00000 13.85731200
114.30000 8.57942400
114.60000 17.03318400
114.90000 11.29833600
115.20000 6.19180800
115.50000 12.28080000
115.80000 17.46729600
116.10000 17.01033600
116.40000 17.21596800
116.70000 8.21385600
117.00000 5.48352000
117.30000 16.07356800
117.60000 6.23750400
117.90000 8.24812800
118.20000 13.57171200
118.50000 16.06214400
118.80000 10.79568000
119.10000 8.68224000
119.40000 17.20454400
119.70000 11.46969600
120.00000 13.99440000
120.30000 14.91974400
120.60000 19.50076800
120.90000 17.45587200
121.20000 14.00582400
121.50000 3.75849600
121.80000 18.06134400
122.10000 18.26697600
122.40000 14.04009600
122.70000 14.49705600
123.00000 17.19312000
123.30000 11.43542400
123.60000 18.71251200
123.90000 18.26697600
124.20000 16.80470400
124.50000 11.53824000
124.80000 17.45587200
125.10000 19.51219200
125.40000 17.46729600
125.70000 17.43302400
126.00000 17.45587200
126.30000 17.46729600
126.60000 17.45587200
126.90000 13.45747200
127.20000 8.41948800
127.50000 17.19312000
127.80000 17.46729600
128.10000 17.45587200
128.40000 8.43091200
128.70000 14.48563200
129.00000 19.11235200
129.30000 10.31587200
129.60000 16.78185600
129.90000 17.19312000
130.20000 16.42771200
130.50000 17.19312000
130.80000 13.01193600
131.10000 11.13840000
131.40000 11.12697600
131.70000 17.44444800
132.00000 5.50636800
132.30000 11.46969600
132.60000 14.23430400
132.90000 7.93968000
133.20000 17.70720000
133.50000 12.40646400
133.80000 17.45587200
134.10000 8.33952000
134.40000 14.00582400
134.70000 17.46729600
135.00000 17.09030400
135.30000 14.01724800
135.60000 14.63414400
135.90000 19.51219200
136.20000 16.43913600
136.50000 11.18409600
136.80000 17.41017600
137.10000 17.46729600
137.40000 19.50076800
137.70000 16.78185600
138.00000 11.49254400
138.30000 17.46729600
138.60000 17.45587200
138.90000 16.79328000
139.20000 10.80710400
139.50000 8.39664000
139.80000 14.56560000
140.10000 17.94710400
140.40000 12.14371200
140.70000 17.17027200
141.00000 17.46729600
141.30000 17.45587200
141.60000 17.46729600
141.90000 16.45056000
142.20000 11.06985600
142.50000 18.40406400
142.80000 13.11475200
143.10000 8.49945600
143.40000 11.46969600
143.70000 16.81612800
144.00000 17.46729600
144.30000 17.45587200
144.60000 19.51219200
144.90000 17.45587200
145.20000 17.45587200
145.50000 17.46729600
145.80000 17.11315200
146.10000 14.16576000
146.40000 14.46278400
146.70000 11.46969600
147.00000 17.46729600
147.30000 17.44444800
147.60000 17.46729600
147.90000 7.99680000
148.20000 14.91974400
148.50000 18.43833600
148.80000 17.44444800
149.10000 17.42160000
149.40000 5.55206400
149.70000 11.48112000
150.00000 17.45587200
150.30000 3.11875200
150.60000 0.35414400
150.90000 11.64105600
151.20000 13.60598400
151.50000 16.42771200
151.80000 8.56800000
152.10000 9.39052800
152.40000 12.44073600
152.70000 16.79328000
153.00000 16.80470400
153.30000 11.43542400
153.60000 17.85571200
153.90000 14.05152000
154.20000 17.45587200
154.50000 17.45587200
154.80000 19.53504000
155.10000 17.44444800
155.40000 16.81612800
