0.30000 3.70166400
0.60000 5.98617600
0.90000 5.98617600
1.20000 5.99760000
1.50000 6.84297600
1.80000 6.15753600
2.10000 5.98617600
2.40000 5.99760000
2.70000 6.93436800
3.00000 6.13468800
3.30000 6.07756800
3.60000 6.29462400
3.90000 6.88867200
4.20000 6.19180800
4.50000 5.78054400
4.80000 6.16896000
5.10000 6.61449600
5.40000 5.90620800
5.70000 5.97475200
6.00000 6.48883200
6.30000 6.04329600
6.60000 6.03187200
6.90000 6.03187200
7.20000 6.75158400
7.50000 5.90620800
7.80000 5.95190400
8.10000 6.04329600
8.40000 6.71731200
8.70000 5.87193600
9.00000 6.27177600
9.30000 6.10041600
9.60000 6.44313600
9.90000 6.07756800
10.20000 5.95190400
10.50000 6.30604800
10.80000 6.31747200
11.10000 5.92905600
11.40000 5.95190400
11.70000 6.51168000
12.00000 6.27177600
12.30000 6.10041600
12.60000 5.92905600
12.90000 6.47740800
13.20000 5.96332800
13.50000 5.99760000
13.80000 5.98617600
14.10000 6.31747200
14.40000 6.23750400
14.70000 5.94048000
15.00000 6.00902400
15.30000 6.28320000
15.60000 6.26035200
15.90000 5.87193600
16.20000 5.95190400
16.50000 6.29462400
16.80000 6.38601600
17.10000 6.50025600
17.40000 5.87193600
17.70000 6.05472000
18.00000 6.24892800
18.30000 6.26035200
18.60000 5.92905600
18.90000 5.96332800
19.20000 5.99760000
19.50000 6.78585600
19.80000 6.14611200
20.10000 6.29462400
20.40000 6.03187200
20.70000 6.95721600
21.00000 6.21465600
21.30000 5.95190400
21.60000 5.88336000
21.90000 6.42028800
22.20000 5.91763200
22.50000 5.96332800
22.80000 6.18038400
23.10000 6.83155200
23.40000 6.02044800
23.70000 6.00902400
24.00000 4.40966400
24.30000 5.27788800
24.60000 5.68915200
24.90000 6.54595200
25.20000 5.74627200
25.50000 5.33500800
25.80000 6.21465600
26.10000 5.88336000
26.40000 5.55206400
26.70000 5.62060800
27.00000 6.00902400
27.30000 5.96332800
27.60000 5.48352000
27.90000 5.66630400
28.20000 5.66630400
28.50000 6.29462400
28.80000 5.54064000
29.10000 5.48352000
29.40000 5.58633600
29.70000 6.32889600
30.00000 5.48352000
30.30000 5.58633600
30.60000 5.54064000
30.90000 6.38601600
31.20000 5.66630400
31.50000 5.49494400
31.80000 5.52921600
32.10000 6.21465600
32.40000 5.65488000
32.70000 5.59776000
33.00000 5.51779200
33.30000 6.32889600
33.60000 5.59776000
33.90000 5.63203200
34.20000 5.72342400
34.50000 6.59164800
34.80000 5.73484800
35.10000 5.55206400
35.40000 5.60918400
35.70000 6.28320000
36.00000 5.52921600
36.30000 5.60918400
36.60000 5.62060800
36.90000 6.32889600
37.20000 5.47209600
37.50000 5.68915200
37.80000 5.74627200
38.10000 5.80339200
38.40000 5.48352000
38.70000 5.60918400
39.00000 6.13468800
39.30000 6.02044800
39.60000 5.31216000
39.90000 5.60918400
40.20000 6.12326400
40.50000 5.43782400
40.80000 5.54064000
41.10000 5.42640000
41.40000 6.38601600
41.70000 5.67772800
42.00000 5.59776000
42.30000 5.64345600
42.60000 6.34032000
42.90000 5.62060800
43.20000 5.51779200
43.50000 5.68915200
43.80000 6.46598400
44.10000 5.60918400
44.40000 5.54064000
44.70000 5.64345600
45.00000 6.48883200
45.30000 5.71200000
45.60000 5.54064000
45.90000 5.66630400
46.20000 6.31747200
46.50000 5.68915200
46.80000 5.68915200
47.10000 5.57491200
47.40000 6.24892800
47.70000 5.78054400
48.00000 5.56348800
48.30000 5.74627200
48.60000 6.27177600
48.90000 5.46067200
49.20000 5.50636800
49.50000 5.68915200
49.80000 5.82624000
50.10000 5.55206400
50.40000 5.83766400
50.70000 5.75769600
51.00000 5.51779200
51.30000 5.40355200
51.60000 6.07756800
51.90000 5.74627200
52.20000 5.47209600
52.50000 5.59776000
52.80000 5.88336000
53.10000 5.84908800
53.40000 5.59776000
53.70000 5.76912000
54.00000 5.73484800
54.30000 5.99760000
54.60000 5.48352000
54.90000 5.51779200
55.20000 5.44924800
55.50000 6.23750400
55.80000 5.51779200
56.10000 5.64345600
56.40000 5.60918400
56.70000 5.98617600
57.00000 5.49494400
57.30000 5.46067200
57.60000 5.52921600
57.90000 6.26035200
58.20000 5.55206400
58.50000 5.52921600
58.80000 5.60918400
59.10000 6.38601600
59.40000 5.63203200
59.70000 5.59776000
60.00000 5.97475200
60.30000 5.55206400
60.60000 5.62060800
60.90000 5.75769600
61.20000 6.05472000
61.50000 5.49494400
61.80000 5.43782400
62.10000 5.54064000
62.40000 6.03187200
62.70000 5.72342400
63.00000 5.50636800
63.30000 5.43782400
63.60000 5.74627200
63.90000 6.10041600
64.20000 5.44924800
64.50000 5.47209600
64.80000 5.72342400
65.10000 6.04329600
65.40000 5.51779200
65.70000 5.46067200
66.00000 5.49494400
66.30000 6.22608000
66.60000 5.48352000
66.90000 5.54064000
67.20000 5.65488000
67.50000 6.45456000
67.80000 5.56348800
68.10000 5.63203200
68.40000 5.43782400
68.70000 6.42028800
69.00000 5.54064000
69.30000 5.57491200
69.60000 5.80339200
69.90000 5.95190400
70.20000 4.18118400
70.50000 5.20934400
70.80000 5.23219200
71.10000 5.27788800
71.40000 5.27788800
71.70000 6.07756800
72.00000 5.35785600
72.30000 5.32358400
72.60000 5.32358400
72.90000 6.05472000
73.20000 5.31216000
73.50000 5.26646400
73.80000 5.36928000
74.10000 6.16896000
74.40000 5.31216000
74.70000 5.25504000
75.00000 5.38070400
75.30000 5.89478400
75.60000 5.24361600
75.90000 5.25504000
76.20000 5.27788800
76.50000 5.88336000
76.80000 5.47209600
77.10000 5.30073600
77.40000 5.35785600
77.70000 5.91763200
78.00000 5.41497600
78.30000 5.33500800
78.60000 5.51779200
78.90000 5.78054400
79.20000 5.24361600
79.50000 5.14080000
79.80000 5.79196800
80.10000 5.26646400
80.40000 5.24361600
80.70000 5.51779200
81.00000 5.34643200
81.30000 5.40355200
81.60000 5.40355200
81.90000 5.67772800
82.20000 5.04940800
82.50000 5.42640000
82.80000 5.30073600
83.10000 5.74627200
83.40000 5.22076800
83.70000 5.41497600
84.00000 5.55206400
84.30000 5.66630400
84.60000 5.24361600
84.90000 5.35785600
85.20000 5.54064000
85.50000 5.63203200
85.80000 5.07225600
86.10000 5.38070400
86.40000 5.74627200
86.70000 5.25504000
87.00000 5.25504000
87.30000 5.64345600
87.60000 6.18038400
87.90000 5.23219200
88.20000 5.16364800
88.50000 5.44924800
88.80000 6.22608000
89.10000 5.26646400
89.40000 5.35785600
89.70000 5.25504000
90.00000 6.07756800
90.30000 5.26646400
90.60000 5.36928000
90.90000 5.32358400
91.20000 6.05472000
91.50000 5.32358400
91.80000 5.47209600
92.10000 5.49494400
92.40000 5.49494400
92.70000 5.23219200
93.00000 5.28931200
93.30000 5.43782400
93.60000 5.83766400
93.90000 5.30073600
94.20000 5.31216000
94.50000 5.50636800
94.80000 5.65488000
95.10000 5.26646400
95.40000 5.51779200
95.70000 5.88336000
96.00000 5.59776000
96.30000 5.35785600
96.60000 3.82704000
96.90000 4.92374400
97.20000 4.79808000
97.50000 5.10652800
97.80000 5.38070400
98.10000 4.82092800
98.40000 5.08368000
98.70000 4.98086400
99.00000 5.14080000
99.30000 4.99228800
99.60000 5.28931200
99.90000 4.94659200
100.20000 5.06083200
100.50000 4.96944000
100.80000 5.54064000
101.10000 4.55817600
101.40000 5.18649600
101.70000 4.86662400
102.00000 5.28931200
102.30000 4.85520000
102.60000 5.15222400
102.90000 4.87804800
103.20000 5.30073600
103.50000 4.74096000
103.80000 5.06083200
104.10000 4.96944000
104.40000 5.27788800
104.70000 4.85520000
105.00000 4.85520000
105.30000 5.26646400
105.60000 5.23219200
105.90000 4.85520000
106.20000 4.98086400
106.50000 5.17507200
106.80000 4.86662400
107.10000 5.18649600
107.40000 4.91232000
107.70000 5.23219200
108.00000 4.87804800
108.30000 5.19792000
108.60000 4.87804800
108.90000 4.86662400
109.20000 5.38070400
109.50000 5.03798400
109.80000 5.22076800
110.10000 4.87804800
110.40000 5.17507200
110.70000 4.90089600
111.00000 4.84377600
111.30000 5.24361600
111.60000 4.83235200
111.90000 5.30073600
112.20000 4.86662400
112.50000 5.16364800
112.80000 4.86662400
113.10000 4.90089600
113.40000 5.28931200
113.70000 4.88947200
114.00000 5.22076800
114.30000 4.87804800
114.60000 5.23219200
114.90000 4.88947200
115.20000 5.18649600
115.50000 4.94659200
115.80000 4.88947200
116.10000 5.24361600
116.40000 4.86662400
116.70000 5.20934400
117.00000 4.92374400
117.30000 4.87804800
117.60000 5.24361600
117.90000 4.91232000
118.20000 5.42640000
118.50000 5.01513600
118.80000 5.40355200
119.10000 4.84377600
119.40000 5.38070400
119.70000 4.96944000
120.00000 5.08368000
120.30000 5.44924800
120.60000 4.90089600
120.90000 5.44924800
121.20000 5.41497600
121.50000 5.62060800
121.80000 5.38070400
122.10000 4.92374400
122.40000 6.05472000
122.70000 5.18649600
123.00000 5.17507200
123.30000 5.25504000
123.60000 5.75769600
123.90000 5.31216000
124.20000 5.19792000
124.50000 5.44924800
124.80000 5.92905600
125.10000 4.87804800
125.40000 5.27788800
125.70000 5.41497600
126.00000 5.47209600
126.30000 5.10652800
126.60000 5.17507200
126.90000 5.20934400
127.20000 5.65488000
127.50000 5.18649600
127.80000 5.09510400
128.10000 5.18649600
128.40000 5.95190400
128.70000 5.23219200
129.00000 5.14080000
129.30000 5.30073600
129.60000 5.67772800
129.90000 5.10652800
130.20000 5.33500800
130.50000 5.51779200
130.80000 5.30073600
131.10000 5.49494400
131.40000 5.47209600
131.70000 5.28931200
132.00000 6.13468800
132.30000 5.25504000
132.60000 5.24361600
132.90000 5.18649600
133.20000 6.11184000
133.50000 5.27788800
133.80000 5.30073600
134.10000 5.19792000
134.40000 6.15753600
134.70000 5.28931200
135.00000 5.03798400
135.30000 5.23219200
135.60000 5.99760000
135.90000 5.26646400
136.20000 5.07225600
136.50000 5.36928000
136.80000 5.64345600
137.10000 5.16364800
137.40000 5.17507200
137.70000 5.10652800
138.00000 5.19792000
138.30000 5.11795200
138.60000 5.36928000
138.90000 5.48352000
139.20000 5.22076800
139.50000 5.51779200
139.80000 5.48352000
140.10000 5.57491200
140.40000 5.15222400
140.70000 5.06083200
141.00000 5.30073600
141.30000 5.35785600
141.60000 5.08368000
141.90000 5.48352000
142.20000 5.08368000
142.50000 5.47209600
142.80000 5.08368000
143.10000 5.23219200
143.40000 5.36928000
143.70000 5.11795200
144.00000 5.49494400
144.30000 5.14080000
144.60000 5.43782400
144.90000 5.10652800
145.20000 5.15222400
145.50000 5.48352000
145.80000 5.09510400
146.10000 5.52921600
146.40000 5.03798400
146.70000 5.06083200
147.00000 5.50636800
147.30000 5.09510400
147.60000 5.42640000
147.90000 5.07225600
148.20000 5.51779200
148.50000 5.07225600
148.80000 5.34643200
149.10000 6.27177600
149.40000 5.09510400
149.70000 5.55206400
150.00000 5.08368000
150.30000 5.42640000
150.60000 5.06083200
150.90000 5.51779200
151.20000 5.15222400
151.50000 5.14080000
151.80000 5.38070400
152.10000 5.14080000
152.40000 5.56348800
152.70000 5.10652800
153.00000 5.57491200
153.30000 5.12937600
153.60000 5.50636800
153.90000 5.11795200
154.20000 5.10652800
154.50000 5.39212800
154.80000 5.07225600
155.10000 5.54064000
155.40000 5.12937600
155.70000 5.34643200
156.00000 5.08368000
156.30000 5.55206400
156.60000 5.09510400
156.90000 5.09510400
157.20000 5.35785600
157.50000 5.09510400
157.80000 5.54064000
158.10000 5.12937600
158.40000 5.34643200
158.70000 5.10652800
159.00000 5.52921600
159.30000 5.09510400
159.60000 5.11795200
159.90000 5.35785600
160.20000 5.07225600
160.50000 5.54064000
160.80000 5.09510400
161.10000 5.39212800
161.40000 5.08368000
161.70000 5.46067200
162.00000 5.32358400
162.30000 5.10652800
162.60000 5.40355200
162.90000 5.10652800
163.20000 5.62060800
163.50000 5.07225600
163.80000 5.09510400
164.10000 5.33500800
164.40000 5.10652800
164.70000 5.55206400
165.00000 5.07225600
165.30000 5.41497600
165.60000 5.16364800
165.90000 5.41497600
166.20000 5.24361600
166.50000 5.08368000
166.80000 5.36928000
167.10000 5.06083200
167.40000 5.59776000
167.70000 5.06083200
168.00000 5.11795200
168.30000 5.38070400
168.60000 5.10652800
168.90000 5.55206400
169.20000 5.11795200
169.50000 5.44924800
169.80000 5.18649600
170.10000 5.72342400
170.40000 5.11795200
170.70000 5.11795200
171.00000 5.31216000
171.30000 5.16364800
171.60000 5.56348800
171.90000 5.08368000
172.20000 5.28931200
172.50000 5.16364800
172.80000 5.08368000
173.10000 5.57491200
173.40000 5.06083200
173.70000 5.35785600
174.00000 5.14080000
174.30000 5.63203200
174.60000 5.11795200
174.90000 5.07225600
175.20000 5.33500800
175.50000 5.09510400
175.80000 5.55206400
176.10000 5.08368000
176.40000 5.36928000
176.70000 5.08368000
177.00000 5.09510400
177.30000 5.54064000
177.60000 5.16364800
177.90000 5.34643200
178.20000 5.12937600
178.50000 5.72342400
178.80000 5.18649600
179.10000 5.60918400
179.40000 5.30073600
179.70000 5.57491200
180.00000 5.14080000
180.30000 5.34643200
180.60000 5.95190400
180.90000 6.10041600
181.20000 5.35785600
181.50000 5.48352000
181.80000 5.60918400
182.10000 5.28931200
182.40000 5.30073600
182.70000 5.71200000
183.00000 6.18038400
183.30000 5.36928000
183.60000 5.43782400
183.90000 5.94048000
184.20000 5.86051200
184.50000 5.24361600
184.80000 5.50636800
185.10000 5.84908800
185.40000 5.54064000
185.70000 5.41497600
186.00000 5.48352000
186.30000 6.07756800
186.60000 5.35785600
186.90000 5.26646400
187.20000 5.30073600
187.50000 6.07756800
187.80000 5.23219200
188.10000 5.26646400
188.40000 5.23219200
188.70000 5.90620800
189.00000 3.71280000
189.30000 5.02656000
189.60000 5.03798400
189.90000 4.93516800
190.20000 5.96332800
190.50000 5.11795200
190.80000 5.03798400
191.10000 5.01513600
191.40000 5.72342400
191.70000 5.00371200
192.00000 5.11795200
192.30000 5.11795200
192.60000 5.84908800
192.90000 5.17507200
193.20000 5.00371200
193.50000 4.88947200
193.80000 5.95190400
194.10000 5.12937600
194.40000 5.09510400
194.70000 5.10652800
195.00000 5.90620800
195.30000 5.14080000
195.60000 5.04940800
195.90000 5.18649600
196.20000 5.40355200
196.50000 4.96944000
196.80000 5.02656000
197.10000 4.98086400
197.40000 5.72342400
197.70000 5.12937600
198.00000 4.86662400
198.30000 5.28931200
198.60000 6.00902400
198.90000 5.23219200
199.20000 5.15222400
199.50000 5.35785600
199.80000 5.50636800
200.10000 5.15222400
200.40000 5.23219200
200.70000 5.51779200
201.00000 5.02656000
201.30000 5.34643200
201.60000 5.02656000
201.90000 5.20934400
202.20000 5.74627200
202.50000 5.12937600
202.80000 5.11795200
203.10000 5.34643200
203.40000 5.83766400
203.70000 5.19792000
204.00000 4.95801600
204.30000 5.35785600
204.60000 5.46067200
204.90000 5.06083200
205.20000 5.02656000
205.50000 5.59776000
205.80000 5.49494400
206.10000 5.16364800
206.40000 5.15222400
206.70000 5.47209600
207.00000 5.02656000
207.30000 5.32358400
207.60000 5.58633600
207.90000 5.34643200
208.20000 5.02656000
208.50000 5.16364800
208.80000 5.04940800
209.10000 5.47209600
209.40000 4.95801600
209.70000 5.07225600
210.00000 5.27788800
210.30000 5.55206400
210.60000 4.98086400
