0.30000 3.10761600
0.60000 17.50156800
0.90000 10.92134400
1.20000 17.46729600
1.50000 17.43302400
1.80000 11.51539200
2.10000 10.81852800
2.40000 17.45587200
2.70000 17.44444800
3.00000 17.43302400
3.30000 16.79328000
3.60000 10.96704000
3.90000 11.45827200
4.20000 17.46729600
4.50000 11.50396800
4.80000 17.44444800
5.10000 6.16896000
5.40000 10.95561600
5.70000 16.78185600
6.00000 16.81612800
6.30000 5.43782400
6.60000 17.46729600
6.90000 11.90380800
7.20000 16.24492800
7.50000 16.16496000
7.80000 10.72713600
8.10000 10.71571200
8.40000 15.23961600
8.70000 16.15353600
9.00000 10.33872000
9.30000 10.78425600
9.60000 15.70800000
9.90000 16.40486400
10.20000 10.84137600
10.50000 16.05072000
10.80000 15.27388800
11.10000 15.70800000
11.40000 16.16496000
11.70000 15.70800000
12.00000 16.16496000
12.30000 10.76140800
12.60000 16.16496000
12.90000 16.01644800
13.20000 12.02947200
13.50000 15.68515200
13.80000 17.43302400
14.10000 17.46729600
14.40000 17.45587200
14.70000 12.06374400
15.00000 16.93036800
15.30000 19.42080000
15.60000 11.57251200
15.90000 13.34323200
16.20000 17.54726400
16.50000 13.44604800
16.80000 12.20083200
17.10000 16.19923200
17.40000 17.43302400
17.70000 17.45587200
18.00000 17.46729600
18.30000 17.45587200
18.60000 17.45587200
18.90000 11.46969600
19.20000 12.15513600
19.50000 16.77043200
19.80000 17.42160000
20.10000 17.46729600
20.40000 17.46729600
20.70000 17.46729600
21.00000 17.44444800
21.30000 17.46729600
21.60000 17.45587200
21.90000 19.51219200
22.20000 11.41257600
22.50000 13.38892800
22.80000 17.61580800
23.10000 7.29993600
23.40000 17.59296000
23.70000 17.45587200
24.00000 6.18038400
24.30000 10.71571200
24.60000 19.37510400
24.90000 12.40646400
25.20000 5.80339200
25.50000 10.49865600
25.80000 17.46729600
26.10000 17.45587200
26.40000 5.46067200
26.70000 16.21065600
27.00000 5.39212800
27.30000 18.86102400
27.60000 10.86422400
27.90000 16.85040000
28.20000 12.21225600
28.50000 16.14211200
28.80000 11.42400000
29.10000 16.81612800
29.40000 19.53504000
29.70000 16.86182400
30.00000 16.74758400
30.30000 17.45587200
30.60000 16.78185600
30.90000 17.45587200
31.20000 17.45587200
31.50000 13.75449600
31.80000 16.59907200
32.10000 17.46729600
32.40000 12.36076800
32.70000 16.57622400
33.00000 12.37219200
33.30000 10.09881600
33.60000 17.44444800
33.90000 11.04700800
34.20000 17.39875200
34.50000 17.45587200
34.80000 17.46729600
35.10000 17.46729600
35.40000 5.50636800
35.70000 18.64396800
36.00000 17.67292800
36.30000 17.46729600
36.60000 11.44684800
36.90000 10.89849600
37.20000 17.38732800
37.50000 17.43302400
37.80000 17.44444800
38.10000 1.05100800
38.40000 16.65619200
38.70000 16.15353600
39.00000 18.94099200
39.30000 17.37590400
39.60000 11.53824000
39.90000 17.43302400
40.20000 17.46729600
40.50000 17.43302400
40.80000 11.46969600
41.10000 13.33180800
41.40000 17.70720000
41.70000 19.52361600
42.00000 11.45827200
42.30000 16.81612800
42.60000 17.45587200
42.90000 19.53504000
43.20000 17.46729600
43.50000 17.46729600
43.80000 14.61129600
44.10000 15.68515200
44.40000 11.53824000
44.70000 16.80470400
45.00000 16.80470400
45.30000 10.84137600
45.60000 19.52361600
45.90000 11.42400000
46.20000 6.87724800
46.50000 15.57091200
46.80000 16.80470400
47.10000 19.52361600
47.40000 16.25635200
47.70000 17.36448000
48.00000 17.44444800
48.30000 18.83817600
48.60000 16.79328000
48.90000 5.44924800
49.20000 17.46729600
49.50000 19.22659200
49.80000 17.74147200
50.10000 17.44444800
50.40000 16.90752000
50.70000 16.71331200
51.00000 17.46729600
51.30000 17.45587200
51.60000 11.48112000
51.90000 12.70348800
52.20000 11.54966400
52.50000 10.81852800
52.80000 10.32729600
53.10000 17.44444800
53.40000 17.44444800
53.70000 17.46729600
54.00000 17.46729600
54.30000 17.45587200
54.60000 17.45587200
54.90000 10.97846400
55.20000 16.80470400
55.50000 16.80470400
55.80000 16.81612800
56.10000 17.45587200
56.40000 5.49494400
56.70000 17.46729600
57.00000 16.91894400
57.30000 11.41257600
57.60000 10.97846400
57.90000 13.51459200
58.20000 19.52361600
58.50000 12.82915200
58.80000 16.09641600
59.10000 16.80470400
59.40000 18.83817600
59.70000 17.46729600
60.00000 16.81612800
60.30000 11.42400000
60.60000 13.53744000
60.90000 17.45587200
61.20000 12.87484800
61.50000 16.01644800
61.80000 21.20294400
62.10000 17.17027200
62.40000 19.50076800
62.70000 17.46729600
63.00000 19.52361600
63.30000 6.40886400
63.60000 15.98217600
63.90000 13.54886400
64.20000 19.11235200
64.50000 12.69206400
64.80000 15.97075200
65.10000 11.46969600
65.40000 12.30364800
65.70000 16.02787200
66.00000 16.80470400
66.30000 11.46969600
66.60000 12.94339200
66.90000 9.96172800
67.20000 13.00051200
67.50000 5.47209600
67.80000 15.89078400
68.10000 16.79328000
68.40000 13.02336000
68.70000 9.95030400
69.00000 11.53824000
69.30000 16.80470400
69.60000 17.46729600
69.90000 17.46729600
70.20000 13.03478400
70.50000 15.23961600
70.80000 17.46729600
71.10000 16.80470400
71.40000 17.45587200
71.70000 17.46729600
72.00000 11.52681600
72.30000 10.93276800
72.60000 16.75900800
72.90000 19.36368000
73.20000 19.06665600
73.50000 13.99440000
73.80000 16.96464000
74.10000 18.70108800
74.40000 17.46729600
74.70000 17.43302400
75.00000 11.48112000
75.30000 17.43302400
75.60000 11.46969600
75.90000 13.14902400
76.20000 15.77654400
76.50000 17.46729600
76.80000 16.80470400
77.10000 17.46729600
77.40000 17.46729600
77.70000 16.30204800
78.00000 16.65619200
78.30000 16.31347200
78.60000 11.27548800
78.90000 11.43542400
79.20000 16.79328000
79.50000 16.96464000
79.80000 17.30736000
80.10000 16.32489600
80.40000 17.29593600
80.70000 11.42400000
81.00000 17.45587200
81.30000 17.45587200
81.60000 17.46729600
81.90000 16.32489600
82.20000 12.77203200
82.50000 17.98137600
82.80000 12.61209600
83.10000 5.81481600
83.40000 10.71571200
83.70000 5.86051200
84.00000 14.23430400
84.30000 17.45587200
84.60000 18.98668800
84.90000 15.95932800
85.20000 9.60758400
85.50000 7.37990400
85.80000 15.58233600
86.10000 11.43542400
86.40000 16.16496000
86.70000 16.95321600
87.00000 11.25264000
87.30000 17.46729600
87.60000 11.44684800
87.90000 13.34323200
88.20000 15.61660800
88.50000 17.46729600
88.80000 17.45587200
89.10000 19.50076800
89.40000 7.42560000
89.70000 15.53664000
90.00000 19.53504000
90.30000 7.72262400
90.60000 5.48352000
90.90000 14.78265600
91.20000 10.60147200
91.50000 17.45587200
91.80000 11.48112000
92.10000 16.80470400
92.40000 12.77203200
92.70000 15.44524800
93.00000 16.81612800
93.30000 17.45587200
93.60000 17.44444800
93.90000 17.46729600
94.20000 15.54806400
94.50000 15.50236800
94.80000 17.45587200
95.10000 16.81612800
95.40000 17.46729600
95.70000 19.51219200
96.00000 11.43542400
96.30000 17.46729600
96.60000 11.52681600
96.90000 17.46729600
97.20000 13.56028800
97.50000 14.90832000
97.80000 13.35465600
98.10000 16.91894400
98.40000 17.46729600
98.70000 11.36688000
99.00000 11.46969600
99.30000 11.45827200
99.60000 11.64105600
99.90000 18.14131200
100.20000 17.02176000
100.50000 10.74998400
100.80000 16.58764800
101.10000 19.06665600
101.40000 19.32940800
101.70000 11.53824000
102.00000 17.46729600
102.30000 19.51219200
102.60000 13.65168000
102.90000 15.28531200
103.20000 11.52681600
103.50000 16.80470400
103.80000 13.67452800
104.10000 15.23961600
104.40000 19.51219200
104.70000 18.83817600
105.00000 18.15273600
105.30000 17.44444800
105.60000 17.44444800
105.90000 17.44444800
106.20000 17.44444800
106.50000 17.45587200
106.80000 13.68595200
107.10000 15.28531200
107.40000 17.45587200
107.70000 11.50396800
108.00000 19.51219200
108.30000 17.46729600
108.60000 12.72633600
108.90000 12.22368000
109.20000 17.01033600
109.50000 17.21596800
109.80000 18.82675200
110.10000 18.15273600
110.40000 19.48934400
110.70000 15.82224000
111.00000 5.50636800
111.30000 9.16204800
111.60000 17.45587200
111.90000 8.12246400
112.20000 5.99760000
112.50000 15.94790400
112.80000 12.18940800
113.10000 15.85651200
113.40000 9.10492800
113.70000 17.46729600
114.00000 13.84588800
114.30000 8.59084800
114.60000 13.19472000
114.90000 9.12777600
115.20000 6.63734400
115.50000 12.24652800
115.80000 17.45587200
116.10000 17.43302400
116.40000 17.04460800
116.70000 7.93968000
117.00000 5.46067200
117.30000 16.01644800
117.60000 6.18038400
117.90000 13.94870400
118.20000 14.96544000
118.50000 19.48934400
118.80000 15.98217600
119.10000 8.77363200
119.40000 17.20454400
119.70000 11.05843200
120.00000 13.75449600
120.30000 14.94259200
120.60000 17.45587200
120.90000 17.06745600
121.20000 13.75449600
121.50000 3.78134400
121.80000 16.79328000
122.10000 17.45587200
122.40000 14.01724800
122.70000 14.88547200
123.00000 17.44444800
123.30000 11.48112000
123.60000 17.46729600
123.90000 17.45587200
124.20000 11.53824000
124.50000 11.48112000
124.80000 17.46729600
125.10000 19.51219200
125.40000 17.45587200
125.70000 17.42160000
126.00000 17.45587200
126.30000 17.46729600
126.60000 17.46729600
126.90000 13.45747200
127.20000 8.83075200
127.50000 17.45587200
127.80000 17.45587200
128.10000 17.46729600
128.40000 8.43091200
128.70000 14.50848000
129.00000 19.12377600
129.30000 6.32889600
129.60000 12.06374400
129.90000 17.19312000
130.20000 16.42771200
130.50000 17.19312000
130.80000 11.45827200
131.10000 11.14982400
131.40000 17.18169600
131.70000 17.43302400
132.00000 5.46067200
132.30000 11.43542400
132.60000 17.09030400
132.90000 11.14982400
133.20000 18.00422400
133.50000 12.05232000
133.80000 11.13840000
134.10000 16.30204800
134.40000 14.02867200
134.70000 17.46729600
135.00000 17.09030400
135.30000 13.99440000
135.60000 14.66841600
135.90000 19.53504000
136.20000 11.41257600
136.50000 17.44444800
136.80000 17.43302400
137.10000 17.09030400
137.40000 11.13840000
137.70000 16.15353600
138.00000 11.48112000
138.30000 17.45587200
138.60000 17.45587200
138.90000 16.81612800
139.20000 10.80710400
139.50000 8.35094400
139.80000 14.64556800
140.10000 17.94710400
140.40000 12.16656000
140.70000 17.17027200
141.00000 17.46729600
141.30000 17.45587200
141.60000 17.46729600
141.90000 16.81612800
142.20000 10.76140800
142.50000 19.51219200
142.80000 13.75449600
143.10000 8.49945600
143.40000 11.46969600
143.70000 16.79328000
144.00000 17.46729600
144.30000 11.42400000
144.60000 19.50076800
144.90000 19.50076800
145.20000 17.46729600
145.50000 11.17267200
145.80000 18.86102400
146.10000 14.16576000
146.40000 11.49254400
146.70000 8.57942400
147.00000 17.45587200
147.30000 17.45587200
147.60000 17.45587200
147.90000 13.84588800
148.20000 14.85120000
148.50000 17.54726400
148.80000 14.96544000
149.10000 17.12457600
149.40000 10.81852800
149.70000 11.50396800
150.00000 17.45587200
150.30000 3.15302400
150.60000 0.36556800
150.90000 11.64105600
151.20000 13.54886400
151.50000 16.38201600
151.80000 8.60227200
152.10000 9.47049600
152.40000 14.54275200
152.70000 16.78185600
153.00000 16.81612800
153.30000 11.43542400
153.60000 17.44444800
153.90000 10.16736000
154.20000 14.23430400
154.50000 14.63414400
154.80000 14.31427200
155.10000 17.45587200
155.40000 16.80470400
