0.30000 3.10761600
0.60000 17.50156800
0.90000 10.92134400
1.20000 17.46729600
1.50000 17.43302400
1.80000 11.51539200
2.10000 10.81852800
2.40000 17.45587200
2.70000 17.44444800
3.00000 17.43302400
3.30000 16.79328000
3.60000 10.96704000
3.90000 11.45827200
4.20000 17.46729600
4.50000 11.50396800
4.80000 17.44444800
5.10000 6.16896000
5.40000 10.95561600
5.70000 16.78185600
6.00000 16.81612800
6.30000 5.43782400
6.60000 17.46729600
6.90000 11.90380800
7.20000 16.24492800
7.50000 16.16496000
7.80000 10.72713600
8.10000 10.71571200
8.40000 15.23961600
8.70000 16.15353600
9.00000 10.33872000
9.30000 10.78425600
9.60000 15.70800000
9.90000 17.95852800
10.20000 5.67772800
10.50000 16.05072000
10.80000 10.25875200
11.10000 15.70800000
11.40000 16.16496000
11.70000 15.70800000
12.00000 16.15353600
12.30000 12.54355200
12.60000 16.17638400
12.90000 17.49014400
13.20000 12.00662400
13.50000 16.24492800
13.80000 17.46729600
14.10000 19.43222400
14.40000 17.53584000
14.70000 17.46729600
15.00000 17.46729600
15.30000 21.48854400
15.60000 11.56108800
15.90000 17.46729600
16.20000 14.15433600
16.50000 12.87484800
16.80000 12.15513600
17.10000 16.82755200
17.40000 17.44444800
17.70000 17.46729600
18.00000 17.46729600
18.30000 17.45587200
18.60000 11.48112000
18.90000 11.46969600
19.20000 12.15513600
19.50000 16.78185600
19.80000 16.79328000
20.10000 17.46729600
20.40000 17.46729600
20.70000 17.45587200
21.00000 17.45587200
21.30000 17.46729600
21.60000 19.38652800
21.90000 16.96464000
22.20000 17.39875200
22.50000 13.41177600
22.80000 17.59296000
23.10000 19.51219200
23.40000 17.45587200
23.70000 17.44444800
24.00000 6.23750400
24.30000 10.78425600
24.60000 19.37510400
24.90000 12.39504000
25.20000 5.80339200
25.50000 15.74227200
25.80000 19.53504000
26.10000 11.41257600
26.40000 10.97846400
26.70000 17.44444800
27.00000 10.87564800
27.30000 18.84960000
27.60000 10.32729600
27.90000 16.81612800
28.20000 12.23510400
28.50000 16.13068800
28.80000 11.43542400
29.10000 18.68966400
29.40000 17.63865600
29.70000 16.86182400
30.00000 16.09641600
30.30000 17.46729600
30.60000 17.42160000
30.90000 16.87324800
31.20000 17.41017600
31.50000 16.79328000
31.80000 16.81612800
32.10000 17.45587200
32.40000 12.33792000
32.70000 16.62192000
33.00000 17.46729600
33.30000 10.93276800
33.60000 17.43302400
33.90000 11.04700800
34.20000 17.38732800
34.50000 17.45587200
34.80000 16.80470400
35.10000 12.42931200
35.40000 5.27788800
35.70000 18.65539200
36.00000 17.67292800
36.30000 10.92134400
36.60000 11.46969600
36.90000 10.90992000
37.20000 17.37590400
37.50000 19.50076800
37.80000 17.45587200
38.10000 1.05100800
38.40000 16.69046400
38.70000 11.44684800
39.00000 18.96384000
39.30000 17.37590400
39.60000 11.43542400
39.90000 17.45587200
40.20000 17.46729600
40.50000 17.45587200
40.80000 17.41017600
41.10000 19.27228800
41.40000 17.70720000
41.70000 11.48112000
42.00000 17.46729600
42.30000 16.80470400
42.60000 17.46729600
42.90000 17.46729600
43.20000 12.54355200
43.50000 16.35916800
43.80000 19.50076800
44.10000 16.81612800
44.40000 11.42400000
44.70000 17.46729600
45.00000 16.80470400
45.30000 5.47209600
45.60000 13.56028800
45.90000 11.43542400
46.20000 11.46969600
46.50000 16.80470400
46.80000 11.96092800
47.10000 16.27920000
47.40000 16.25635200
47.70000 21.46569600
48.00000 19.21516800
48.30000 17.12457600
48.60000 16.80470400
48.90000 13.04620800
49.20000 19.50076800
49.50000 17.46729600
49.80000 17.44444800
50.10000 16.80470400
50.40000 12.68064000
50.70000 9.69897600
51.00000 17.35305600
51.30000 17.46729600
51.60000 11.51539200
51.90000 12.66921600
52.20000 11.44684800
52.50000 15.54806400
52.80000 12.70348800
53.10000 17.77574400
53.40000 17.44444800
53.70000 17.46729600
54.00000 17.46729600
54.30000 16.80470400
54.60000 17.46729600
54.90000 10.96704000
55.20000 16.81612800
55.50000 16.79328000
55.80000 17.46729600
56.10000 17.46729600
56.40000 5.50636800
56.70000 19.16947200
57.00000 17.30736000
57.30000 17.34163200
57.60000 5.50636800
57.90000 13.54886400
58.20000 19.52361600
58.50000 12.86342400
58.80000 16.07356800
59.10000 12.62352000
59.40000 17.18169600
59.70000 17.46729600
60.00000 17.45587200
60.30000 11.50396800
60.60000 13.54886400
60.90000 17.45587200
61.20000 12.88627200
61.50000 16.07356800
61.80000 19.11235200
62.10000 17.18169600
62.40000 19.51219200
62.70000 17.46729600
63.00000 17.45587200
63.30000 6.40886400
63.60000 15.44524800
63.90000 13.41177600
64.20000 21.16867200
64.50000 7.65408000
64.80000 15.75369600
65.10000 11.43542400
65.40000 12.96624000
65.70000 15.91363200
66.00000 16.80470400
66.30000 11.56108800
66.60000 12.29222400
66.90000 9.41337600
67.20000 12.97766400
67.50000 11.38972800
67.80000 17.44444800
68.10000 17.45587200
68.40000 16.95321600
68.70000 11.35545600
69.00000 11.40115200
69.30000 16.15353600
69.60000 11.52681600
69.90000 17.46729600
70.20000 7.33420800
70.50000 10.41868800
70.80000 17.45587200
71.10000 16.81612800
71.40000 17.45587200
71.70000 17.46729600
72.00000 16.80470400
72.30000 10.94419200
72.60000 17.28451200
72.90000 19.52361600
73.20000 18.36979200
73.50000 14.01724800
73.80000 17.45587200
74.10000 18.84960000
74.40000 17.46729600
74.70000 17.45587200
75.00000 11.44684800
75.30000 17.46729600
75.60000 12.98908800
75.90000 13.13760000
76.20000 15.77654400
76.50000 17.46729600
76.80000 16.78185600
77.10000 17.46729600
77.40000 17.46729600
77.70000 18.34694400
78.00000 17.29593600
78.30000 16.96464000
78.60000 16.15353600
78.90000 11.36688000
79.20000 21.55708800
79.50000 17.45587200
79.80000 17.46729600
80.10000 16.80470400
80.40000 17.46729600
80.70000 11.50396800
81.00000 17.46729600
81.30000 16.95321600
81.60000 17.29593600
81.90000 13.27468800
82.20000 9.66470400
82.50000 17.46729600
82.80000 11.98377600
83.10000 5.82624000
83.40000 0.37699200
83.70000 5.46067200
84.00000 14.20003200
84.30000 7.29993600
84.60000 17.18169600
84.90000 15.29673600
85.20000 9.58473600
85.50000 7.34563200
85.80000 15.62803200
86.10000 19.79779200
86.40000 11.88096000
86.70000 10.51008000
87.00000 13.18329600
87.30000 15.55948800
87.60000 17.45587200
87.90000 17.45587200
88.20000 16.80470400
88.50000 17.46729600
88.80000 17.46729600
89.10000 19.53504000
89.40000 7.40275200
89.70000 15.50236800
90.00000 19.52361600
90.30000 12.77203200
90.60000 5.75769600
90.90000 14.75980800
91.20000 16.15353600
91.50000 11.21836800
91.80000 11.46969600
92.10000 16.80470400
92.40000 16.81612800
92.70000 17.45587200
93.00000 17.45587200
93.30000 17.45587200
93.60000 19.50076800
93.90000 18.90672000
94.20000 18.07276800
94.50000 17.46729600
94.80000 17.45587200
95.10000 16.34774400
95.40000 17.26166400
95.70000 19.52361600
96.00000 11.46969600
96.30000 17.46729600
96.60000 11.52681600
96.90000 17.46729600
97.20000 13.58313600
97.50000 14.89689600
97.80000 13.36608000
98.10000 16.90752000
98.40000 17.45587200
98.70000 11.54966400
99.00000 11.43542400
99.30000 11.53824000
99.60000 10.78425600
99.90000 17.02176000
100.20000 13.38892800
100.50000 14.90832000
100.80000 17.25024000
101.10000 13.65168000
101.40000 20.44896000
101.70000 11.46969600
102.00000 17.46729600
102.30000 17.44444800
102.60000 17.02176000
102.90000 16.81612800
103.20000 11.24121600
103.50000 11.43542400
103.80000 13.70880000
104.10000 9.25344000
104.40000 19.51219200
104.70000 17.44444800
105.00000 17.44444800
105.30000 17.46729600
105.60000 17.44444800
105.90000 17.45587200
106.20000 16.80470400
106.50000 10.85280000
106.80000 17.44444800
107.10000 18.84960000
107.40000 17.45587200
107.70000 11.46969600
108.00000 19.51219200
108.30000 17.45587200
108.60000 20.87164800
108.90000 12.15513600
109.20000 16.80470400
109.50000 17.44444800
109.80000 18.81532800
110.10000 18.16416000
110.40000 19.48934400
110.70000 17.46729600
111.00000 7.76832000
111.30000 9.15062400
111.60000 17.46729600
111.90000 8.08819200
112.20000 5.95190400
112.50000 15.11395200
112.80000 11.44684800
113.10000 15.87936000
113.40000 9.17347200
113.70000 17.46729600
114.00000 13.83446400
114.30000 8.56800000
114.60000 16.38201600
114.90000 11.28691200
115.20000 6.64876800
115.50000 12.23510400
115.80000 17.46729600
116.10000 17.02176000
116.40000 17.21596800
116.70000 8.20243200
117.00000 5.51779200
117.30000 14.31427200
117.60000 17.22739200
117.90000 13.96012800
118.20000 14.48563200
118.50000 19.50076800
118.80000 13.93728000
119.10000 8.72793600
119.40000 17.21596800
119.70000 17.05603200
120.00000 17.21596800
120.30000 19.51219200
120.60000 19.48934400
120.90000 17.04460800
121.20000 17.21596800
121.50000 11.46969600
121.80000 16.80470400
122.10000 17.45587200
122.40000 14.01724800
122.70000 14.96544000
123.00000 17.45587200
123.30000 17.45587200
123.60000 17.46729600
123.90000 17.46729600
124.20000 11.48112000
124.50000 11.51539200
124.80000 19.50076800
125.10000 19.51219200
125.40000 17.46729600
125.70000 17.41017600
126.00000 17.45587200
126.30000 17.45587200
126.60000 17.46729600
126.90000 13.41177600
127.20000 8.45376000
127.50000 17.19312000
127.80000 17.45587200
128.10000 16.81612800
128.40000 11.53824000
128.70000 17.46729600
129.00000 14.14291200
129.30000 8.01964800
129.60000 17.17027200
129.90000 17.45587200
130.20000 16.80470400
130.50000 17.46729600
130.80000 11.42400000
131.10000 11.13840000
131.40000 17.18169600
131.70000 17.43302400
132.00000 5.47209600
132.30000 11.44684800
132.60000 13.56028800
132.90000 14.18860800
133.20000 18.64396800
133.50000 16.62192000
133.80000 11.20694400
134.10000 16.27920000
134.40000 14.04009600
134.70000 17.45587200
135.00000 17.07888000
135.30000 13.99440000
135.60000 14.66841600
135.90000 17.46729600
136.20000 16.80470400
136.50000 11.50396800
136.80000 17.41017600
137.10000 17.46729600
137.40000 11.43542400
137.70000 16.16496000
138.00000 17.44444800
138.30000 17.45587200
138.60000 17.46729600
138.90000 16.79328000
139.20000 6.26035200
139.50000 10.22448000
139.80000 14.57702400
140.10000 18.62112000
140.40000 12.13228800
140.70000 17.17027200
141.00000 17.45587200
141.30000 17.46729600
141.60000 17.46729600
141.90000 16.79328000
142.20000 10.78425600
142.50000 17.46729600
142.80000 13.70880000
143.10000 8.49945600
143.40000 11.56108800
143.70000 17.44444800
144.00000 17.45587200
144.30000 17.45587200
144.60000 17.46729600
144.90000 19.50076800
145.20000 17.46729600
145.50000 17.46729600
145.80000 17.11315200
146.10000 13.49174400
146.40000 11.46969600
146.70000 8.46518400
147.00000 17.46729600
147.30000 17.44444800
147.60000 17.45587200
147.90000 16.45056000
148.20000 18.24412800
148.50000 20.46038400
148.80000 16.79328000
149.10000 16.15353600
149.40000 5.47209600
149.70000 11.45827200
150.00000 17.45587200
150.30000 5.91763200
150.60000 9.56188800
150.90000 11.48112000
151.20000 16.06214400
151.50000 19.19232000
151.80000 8.59084800
152.10000 8.33952000
152.40000 11.48112000
152.70000 16.79328000
153.00000 16.81612800
