0.30000 2.76489600
0.60000 15.49094400
0.90000 10.96704000
1.20000 19.53504000
1.50000 11.53824000
1.80000 16.81612800
2.10000 10.88707200
2.40000 17.45587200
2.70000 17.43302400
3.00000 17.43302400
3.30000 16.80470400
3.60000 11.44684800
3.90000 11.41257600
4.20000 17.46729600
4.50000 11.45827200
4.80000 19.46649600
5.10000 11.52681600
5.40000 11.90380800
5.70000 17.03318400
6.00000 16.81612800
6.30000 5.56348800
6.60000 17.46729600
6.90000 11.89238400
7.20000 11.44684800
7.50000 16.34774400
7.80000 17.45587200
8.10000 11.49254400
8.40000 16.80470400
8.70000 17.44444800
9.00000 10.90992000
9.30000 11.93808000
9.60000 16.38201600
9.90000 19.45507200
10.20000 6.06614400
10.50000 16.37059200
10.80000 16.16496000
11.10000 16.14211200
11.40000 19.51219200
11.70000 16.81612800
12.00000 18.88387200
12.30000 11.44684800
12.60000 17.46729600
12.90000 16.83897600
13.20000 11.96092800
13.50000 15.68515200
13.80000 17.44444800
14.10000 17.46729600
14.40000 17.45587200
14.70000 12.01804800
15.00000 11.48112000
15.30000 20.94019200
15.60000 11.57251200
15.90000 19.42080000
16.20000 19.61500800
16.50000 13.44604800
16.80000 12.15513600
17.10000 16.21065600
17.40000 17.39875200
17.70000 17.46729600
18.00000 17.46729600
18.30000 16.80470400
18.60000 19.48934400
18.90000 11.46969600
19.20000 12.12086400
19.50000 16.81612800
19.80000 17.43302400
20.10000 17.46729600
20.40000 17.46729600
20.70000 17.45587200
21.00000 17.46729600
21.30000 17.46729600
21.60000 17.44444800
21.90000 16.86182400
22.20000 17.36448000
22.50000 18.72393600
22.80000 17.61580800
23.10000 6.78585600
23.40000 17.59296000
23.70000 17.45587200
24.00000 6.27177600
24.30000 10.73856000
24.60000 19.36368000
24.90000 12.37219200
25.20000 5.82624000
25.50000 15.74227200
25.80000 17.46729600
26.10000 17.45587200
26.40000 5.47209600
26.70000 16.78185600
27.00000 10.81852800
27.30000 13.53744000
27.60000 10.76140800
27.90000 16.86182400
28.20000 12.24652800
28.50000 16.08499200
28.80000 11.42400000
29.10000 16.80470400
29.40000 19.53504000
29.70000 16.86182400
30.00000 16.09641600
30.30000 17.46729600
30.60000 16.79328000
30.90000 17.46729600
31.20000 17.46729600
31.50000 18.39264000
31.80000 16.15353600
32.10000 16.16496000
32.40000 11.43542400
32.70000 15.50236800
33.00000 5.99760000
33.30000 9.51619200
33.60000 15.71942400
33.90000 10.39584000
34.20000 16.13068800
34.50000 16.16496000
34.80000 16.16496000
35.10000 11.51539200
35.40000 5.02656000
35.70000 15.71942400
36.00000 10.71571200
36.30000 10.31587200
36.60000 16.16496000
36.90000 10.30444800
37.20000 16.11926400
37.50000 15.46809600
37.80000 16.27920000
38.10000 1.07385600
38.40000 18.74678400
38.70000 10.95561600
39.00000 18.96384000
39.30000 17.37590400
39.60000 11.56108800
39.90000 16.77043200
40.20000 17.46729600
40.50000 17.43302400
40.80000 11.38972800
41.10000 13.28611200
41.40000 17.73004800
41.70000 19.53504000
42.00000 11.53824000
42.30000 17.45587200
42.60000 17.45587200
42.90000 19.53504000
43.20000 16.81612800
43.50000 17.46729600
43.80000 15.99360000
44.10000 15.70800000
44.40000 10.77283200
44.70000 16.16496000
45.00000 11.18409600
45.30000 4.85520000
45.60000 17.90140800
45.90000 10.71571200
46.20000 16.15353600
46.50000 15.70800000
46.80000 6.38601600
47.10000 14.99971200
47.40000 15.31958400
47.70000 17.53584000
48.00000 17.68435200
48.30000 15.92505600
48.60000 11.30976000
48.90000 16.95321600
49.20000 16.16496000
49.50000 16.88467200
49.80000 17.46729600
50.10000 17.44444800
50.40000 12.71491200
50.70000 10.24732800
51.00000 17.45587200
51.30000 17.45587200
51.60000 6.98006400
51.90000 11.19552000
52.20000 16.17638400
52.50000 12.08659200
52.80000 10.35014400
53.10000 17.42160000
53.40000 17.44444800
53.70000 17.47872000
54.00000 17.45587200
54.30000 17.46729600
54.60000 17.46729600
54.90000 11.46969600
55.20000 16.80470400
55.50000 11.48112000
55.80000 17.45587200
56.10000 17.46729600
56.40000 5.51779200
56.70000 19.15804800
57.00000 17.30736000
57.30000 17.35305600
57.60000 5.50636800
57.90000 13.54886400
58.20000 19.52361600
58.50000 7.14000000
58.80000 15.76512000
59.10000 12.62352000
59.40000 17.19312000
59.70000 17.45587200
60.00000 16.81612800
60.30000 11.42400000
60.60000 13.54886400
60.90000 17.46729600
61.20000 16.90752000
61.50000 11.38972800
61.80000 19.12377600
62.10000 11.91523200
62.40000 19.50076800
62.70000 12.93196800
63.00000 17.49014400
63.30000 6.26035200
63.60000 15.44524800
63.90000 13.38892800
64.20000 17.45587200
64.50000 12.28080000
64.80000 15.44524800
65.10000 11.51539200
65.40000 16.78185600
65.70000 17.46729600
66.00000 16.80470400
66.30000 7.09430400
66.60000 11.42400000
66.90000 9.97315200
67.20000 13.04620800
67.50000 11.36688000
67.80000 19.52361600
68.10000 17.45587200
68.40000 13.04620800
68.70000 9.95030400
69.00000 11.44684800
69.30000 16.79328000
69.60000 17.46729600
69.90000 17.46729600
70.20000 7.37990400
70.50000 10.38441600
70.80000 17.46729600
71.10000 16.80470400
71.40000 11.48112000
71.70000 17.46729600
72.00000 11.46969600
72.30000 11.03558400
72.60000 16.80470400
72.90000 19.36368000
73.20000 19.04380800
73.50000 19.99200000
73.80000 17.46729600
74.10000 16.30204800
74.40000 16.80470400
74.70000 17.29593600
75.00000 11.49254400
75.30000 17.44444800
75.60000 13.14902400
75.90000 13.19472000
76.20000 15.79939200
76.50000 19.03238400
76.80000 17.26166400
77.10000 17.46729600
77.40000 11.48112000
77.70000 18.35836800
78.00000 17.29593600
78.30000 17.45587200
78.60000 15.55948800
78.90000 10.27017600
79.20000 21.85411200
79.50000 10.40726400
79.80000 17.42160000
80.10000 16.08499200
80.40000 16.16496000
80.70000 10.76140800
81.00000 16.15353600
81.30000 17.90140800
81.60000 16.16496000
81.90000 15.82224000
82.20000 10.53292800
82.50000 16.16496000
82.80000 12.28080000
83.10000 5.41497600
83.40000 0.37699200
83.70000 5.04940800
84.00000 13.45747200
84.30000 12.34934400
84.60000 12.26937600
84.90000 8.21385600
85.20000 10.04169600
85.50000 7.37990400
85.80000 15.63945600
86.10000 11.46969600
86.40000 16.16496000
86.70000 16.95321600
87.00000 11.35545600
87.30000 17.46729600
87.60000 11.46969600
87.90000 17.44444800
88.20000 17.45587200
88.50000 17.46729600
88.80000 17.46729600
89.10000 19.50076800
89.40000 7.39132800
89.70000 15.55948800
90.00000 19.53504000
90.30000 7.74547200
90.60000 5.51779200
90.90000 14.73696000
91.20000 16.16496000
91.50000 11.22979200
91.80000 11.41257600
92.10000 16.80470400
92.40000 16.80470400
92.70000 17.01033600
93.00000 16.61049600
93.30000 17.46729600
93.60000 19.51219200
93.90000 18.91814400
94.20000 14.13148800
94.50000 15.42240000
94.80000 17.46729600
95.10000 16.80470400
95.40000 17.46729600
95.70000 11.38972800
96.00000 11.43542400
96.30000 17.46729600
96.60000 11.52681600
96.90000 17.46729600
97.20000 13.53744000
97.50000 15.30816000
97.80000 13.56028800
98.10000 17.38732800
98.40000 17.45587200
98.70000 11.53824000
99.00000 16.80470400
99.30000 10.77283200
99.60000 10.20163200
99.90000 15.84508800
100.20000 12.49785600
100.50000 8.38521600
100.80000 15.58233600
101.10000 15.83366400
101.40000 17.77574400
101.70000 10.79568000
102.00000 16.15353600
102.30000 17.88998400
102.60000 12.64636800
102.90000 13.91443200
103.20000 10.56720000
103.50000 10.76140800
103.80000 12.68064000
104.10000 8.73936000
104.40000 17.88998400
104.70000 16.16496000
105.00000 17.06745600
105.30000 17.45587200
105.60000 17.46729600
105.90000 16.80470400
106.20000 16.80470400
106.50000 16.81612800
106.80000 17.45587200
107.10000 17.43302400
107.40000 17.45587200
107.70000 16.81612800
108.00000 17.46729600
108.30000 17.45587200
108.60000 12.30364800
108.90000 12.15513600
109.20000 17.45587200
109.50000 13.03478400
109.80000 18.82675200
110.10000 18.15273600
110.40000 17.44444800
110.70000 19.48934400
111.00000 7.84828800
111.30000 9.13920000
111.60000 17.46729600
111.90000 8.12246400
112.20000 6.00902400
112.50000 16.51910400
112.80000 18.18700800
113.10000 13.82304000
113.40000 9.04780800
113.70000 17.45587200
114.00000 13.82304000
114.30000 8.55657600
114.60000 17.03318400
114.90000 11.28691200
115.20000 6.13468800
115.50000 12.26937600
115.80000 17.46729600
116.10000 17.43302400
116.40000 17.45587200
116.70000 8.22528000
117.00000 5.49494400
117.30000 14.31427200
117.60000 5.32358400
117.90000 13.96012800
118.20000 15.05683200
118.50000 19.50076800
118.80000 19.07808000
119.10000 10.94419200
119.40000 17.21596800
119.70000 17.05603200
120.00000 17.21596800
120.30000 19.51219200
120.60000 19.51219200
120.90000 17.05603200
121.20000 17.21596800
121.50000 11.51539200
121.80000 11.51539200
122.10000 17.46729600
122.40000 14.02867200
122.70000 14.50848000
123.00000 16.56480000
123.30000 11.46969600
123.60000 17.46729600
123.90000 17.45587200
124.20000 11.50396800
124.50000 11.53824000
124.80000 17.44444800
125.10000 19.53504000
125.40000 17.46729600
125.70000 17.42160000
126.00000 17.45587200
126.30000 17.46729600
126.60000 17.46729600
126.90000 13.45747200
127.20000 8.49945600
127.50000 17.19312000
127.80000 17.46729600
128.10000 16.80470400
128.40000 8.45376000
128.70000 14.56560000
129.00000 14.13148800
129.30000 7.99680000
129.60000 16.79328000
129.90000 17.19312000
130.20000 16.80470400
130.50000 17.46729600
130.80000 11.42400000
131.10000 11.14982400
131.40000 11.14982400
131.70000 17.45587200
132.00000 5.48352000
132.30000 11.45827200
132.60000 13.54886400
132.90000 13.78876800
133.20000 17.71862400
133.50000 11.38972800
133.80000 11.20694400
134.10000 16.30204800
134.40000 14.02867200
134.70000 16.80470400
135.00000 17.45587200
135.30000 14.25715200
135.60000 14.64556800
135.90000 17.45587200
136.20000 16.43913600
136.50000 11.12697600
136.80000 17.42160000
137.10000 17.46729600
137.40000 11.46969600
137.70000 10.96704000
138.00000 11.24121600
138.30000 16.16496000
138.60000 17.19312000
138.90000 16.40486400
139.20000 6.23750400
139.50000 17.63865600
139.80000 15.97075200
140.10000 15.70800000
140.40000 10.52150400
140.70000 15.94790400
141.00000 16.16496000
141.30000 16.16496000
141.60000 16.16496000
141.90000 15.44524800
142.20000 15.52521600
142.50000 17.90140800
142.80000 13.34323200
143.10000 8.15673600
143.40000 10.74998400
143.70000 16.40486400
144.00000 17.45587200
144.30000 11.42400000
144.60000 19.50076800
144.90000 17.44444800
145.20000 17.46729600
145.50000 17.46729600
145.80000 19.15804800
146.10000 14.15433600
146.40000 11.46969600
146.70000 8.46518400
147.00000 17.46729600
147.30000 17.44444800
147.60000 17.46729600
147.90000 10.61289600
148.20000 17.60438400
148.50000 18.42691200
148.80000 18.82675200
149.10000 16.15353600
149.40000 10.77283200
149.70000 11.43542400
150.00000 17.46729600
150.30000 5.88336000
150.60000 9.65328000
150.90000 11.49254400
151.20000 13.61740800
151.50000 16.39344000
151.80000 8.59084800
152.10000 9.39052800
152.40000 12.53212800
152.70000 10.74998400
153.00000 16.80470400
153.30000 11.43542400
153.60000 17.85571200
153.90000 18.46118400
154.20000 17.45587200
154.50000 17.46729600
154.80000 19.53504000
155.10000 17.44444800
155.40000 17.46729600
155.70000 11.14982400
156.00000 10.76140800
156.30000 16.16496000
156.60000 16.16496000
156.90000 13.57171200
157.20000 7.81401600
157.50000 10.54435200
157.80000 10.56720000
158.10000 16.14211200
158.40000 16.16496000
158.70000 15.92505600
159.00000 17.67292800
159.30000 16.16496000
159.60000 15.70800000
159.90000 16.01644800
160.20000 10.74998400
160.50000 16.16496000
160.80000 10.73856000
161.10000 16.16496000
