0.30000 3.10761600
0.60000 17.50156800
0.90000 10.92134400
1.20000 17.46729600
1.50000 17.43302400
1.80000 11.51539200
2.10000 10.81852800
2.40000 17.45587200
2.70000 17.44444800
3.00000 17.43302400
3.30000 16.79328000
3.60000 10.96704000
3.90000 11.45827200
4.20000 17.46729600
4.50000 11.50396800
4.80000 17.44444800
5.10000 6.16896000
5.40000 10.95561600
5.70000 16.78185600
6.00000 16.81612800
6.30000 5.43782400
6.60000 17.46729600
6.90000 11.90380800
7.20000 16.24492800
7.50000 16.16496000
7.80000 10.72713600
8.10000 10.71571200
8.40000 15.23961600
8.70000 16.15353600
9.00000 10.33872000
9.30000 10.78425600
9.60000 15.70800000
9.90000 16.40486400
10.20000 10.84137600
10.50000 16.05072000
10.80000 15.27388800
11.10000 15.70800000
11.40000 16.16496000
11.70000 15.70800000
12.00000 16.16496000
12.30000 10.76140800
12.60000 16.16496000
12.90000 16.01644800
13.20000 12.02947200
13.50000 15.68515200
13.80000 17.43302400
14.10000 17.46729600
14.40000 17.45587200
14.70000 12.06374400
15.00000 16.93036800
15.30000 19.42080000
15.60000 11.57251200
15.90000 13.34323200
16.20000 17.54726400
16.50000 13.44604800
16.80000 12.20083200
17.10000 16.19923200
17.40000 17.43302400
17.70000 17.45587200
18.00000 17.46729600
18.30000 17.45587200
18.60000 17.45587200
18.90000 11.46969600
19.20000 12.15513600
19.50000 16.77043200
19.80000 17.42160000
20.10000 17.46729600
20.40000 17.46729600
20.70000 17.46729600
21.00000 17.44444800
21.30000 17.46729600
21.60000 17.44444800
21.90000 18.89529600
22.20000 17.36448000
22.50000 13.45747200
22.80000 17.59296000
23.10000 21.44284800
23.40000 17.60438400
23.70000 17.43302400
24.00000 6.19180800
24.30000 10.13308800
24.60000 19.31798400
24.90000 12.34934400
25.20000 5.79196800
25.50000 10.49865600
25.80000 17.46729600
26.10000 17.45587200
26.40000 5.55206400
26.70000 16.21065600
27.00000 5.40355200
27.30000 11.45827200
27.60000 10.79568000
27.90000 11.01273600
28.20000 17.39875200
28.50000 16.80470400
28.80000 11.46969600
29.10000 17.46729600
29.40000 19.53504000
29.70000 16.87324800
30.00000 16.74758400
30.30000 17.45587200
30.60000 16.79328000
30.90000 17.45587200
31.20000 17.46729600
31.50000 18.86102400
31.80000 16.80470400
32.10000 17.46729600
32.40000 17.46729600
32.70000 17.45587200
33.00000 6.38601600
33.30000 10.11024000
33.60000 17.45587200
33.90000 11.01273600
34.20000 17.39875200
34.50000 17.46729600
34.80000 17.46729600
35.10000 17.45587200
35.40000 5.49494400
35.70000 18.65539200
36.00000 17.66150400
36.30000 17.46729600
36.60000 17.45587200
36.90000 10.90992000
37.20000 16.80470400
37.50000 19.44364800
37.80000 17.45587200
38.10000 1.01673600
38.40000 16.72473600
38.70000 16.14211200
39.00000 18.94099200
39.30000 17.38732800
39.60000 11.53824000
39.90000 17.43302400
40.20000 17.45587200
40.50000 17.43302400
40.80000 12.49785600
41.10000 16.48483200
41.40000 17.45587200
41.70000 11.46969600
42.00000 17.46729600
42.30000 16.80470400
42.60000 17.45587200
42.90000 17.46729600
43.20000 16.80470400
43.50000 17.46729600
43.80000 14.62272000
44.10000 15.69657600
44.40000 11.52681600
44.70000 16.80470400
45.00000 16.81612800
45.30000 10.77283200
45.60000 13.52601600
45.90000 11.43542400
46.20000 11.48112000
46.50000 16.80470400
46.80000 11.93808000
47.10000 16.30204800
47.40000 16.24492800
47.70000 19.42080000
48.00000 17.45587200
48.30000 18.83817600
48.60000 17.45587200
48.90000 5.55206400
49.20000 21.57993600
49.50000 17.46729600
49.80000 17.46729600
50.10000 16.79328000
50.40000 12.69206400
50.70000 9.71040000
51.00000 17.36448000
51.30000 17.45587200
51.60000 11.49254400
51.90000 12.69206400
52.20000 16.22208000
52.50000 12.06374400
52.80000 10.23590400
53.10000 17.42160000
53.40000 17.44444800
53.70000 17.46729600
54.00000 17.46729600
54.30000 17.44444800
54.60000 17.46729600
54.90000 10.97846400
55.20000 16.79328000
55.50000 10.93276800
55.80000 17.46729600
56.10000 17.45587200
56.40000 5.54064000
56.70000 17.46729600
57.00000 16.91894400
57.30000 11.36688000
57.60000 10.93276800
57.90000 13.50316800
58.20000 17.46729600
58.50000 7.10572800
58.80000 11.17267200
59.10000 17.11315200
59.40000 17.15884800
59.70000 17.46729600
60.00000 16.80470400
60.30000 17.46729600
60.60000 11.53824000
60.90000 17.45587200
61.20000 12.86342400
61.50000 16.08499200
61.80000 21.19152000
62.10000 11.77814400
62.40000 19.51219200
62.70000 17.46729600
63.00000 17.46729600
63.30000 12.23510400
63.60000 15.49094400
63.90000 13.40035200
64.20000 17.46729600
64.50000 12.30364800
64.80000 15.45667200
65.10000 17.45587200
65.40000 12.26937600
65.70000 16.03929600
66.00000 17.45587200
66.30000 11.54966400
66.60000 12.26937600
66.90000 9.44764800
67.20000 12.96624000
67.50000 11.88096000
67.80000 17.43302400
68.10000 17.45587200
68.40000 16.95321600
68.70000 11.28691200
69.00000 11.54966400
69.30000 16.79328000
69.60000 17.46729600
69.90000 17.46729600
70.20000 7.32278400
70.50000 14.95401600
70.80000 17.46729600
71.10000 16.79328000
71.40000 17.45587200
71.70000 17.46729600
72.00000 16.81612800
72.30000 13.04620800
72.60000 15.81081600
72.90000 18.99811200
73.20000 18.91814400
73.50000 13.99440000
73.80000 17.45587200
74.10000 18.33552000
74.40000 10.96704000
74.70000 17.29593600
75.00000 11.45827200
75.30000 17.44444800
75.60000 11.43542400
75.90000 16.95321600
76.20000 17.30736000
76.50000 17.45587200
76.80000 17.44444800
77.10000 17.45587200
77.40000 17.46729600
77.70000 16.30204800
78.00000 16.65619200
78.30000 10.45296000
78.60000 11.27548800
78.90000 11.52681600
79.20000 21.54566400
79.50000 17.46729600
79.80000 19.02096000
80.10000 16.81612800
80.40000 17.29593600
80.70000 11.42400000
81.00000 17.46729600
81.30000 16.96464000
81.60000 17.29593600
81.90000 16.31347200
82.20000 12.84057600
82.50000 18.00422400
82.80000 13.24041600
83.10000 11.48112000
83.40000 10.95561600
83.70000 5.84908800
84.00000 14.21145600
84.30000 7.32278400
84.60000 17.10172800
84.90000 8.13388800
85.20000 10.13308800
85.50000 7.31136000
85.80000 15.65088000
86.10000 19.80921600
86.40000 6.60307200
86.70000 10.44153600
87.00000 13.13760000
87.30000 15.54806400
87.60000 17.45587200
87.90000 13.40035200
88.20000 14.88547200
88.50000 17.46729600
88.80000 17.45587200
89.10000 19.53504000
89.40000 7.37990400
89.70000 15.50236800
90.00000 19.53504000
90.30000 7.73404800
90.60000 5.51779200
90.90000 14.75980800
91.20000 10.59004800
91.50000 11.43542400
91.80000 11.48112000
92.10000 16.80470400
92.40000 16.80470400
92.70000 17.01033600
93.00000 16.62192000
93.30000 17.45587200
93.60000 19.51219200
93.90000 17.45587200
94.20000 15.58233600
94.50000 15.47952000
94.80000 17.45587200
95.10000 16.81612800
95.40000 17.45587200
95.70000 17.45587200
96.00000 11.48112000
96.30000 17.46729600
96.60000 10.92134400
96.90000 17.46729600
97.20000 13.50316800
97.50000 9.34483200
97.80000 10.48723200
98.10000 19.31798400
98.40000 17.46729600
98.70000 11.52681600
99.00000 16.80470400
99.30000 2.19340800
99.60000 4.32969600
99.90000 18.12988800
100.20000 13.62883200
100.50000 14.86262400
100.80000 16.59907200
101.10000 13.64025600
101.40000 20.94019200
101.70000 11.45827200
102.00000 17.46729600
102.30000 17.45587200
102.60000 17.02176000
102.90000 17.25024000
103.20000 17.46729600
103.50000 11.53824000
103.80000 13.68595200
104.10000 9.27628800
104.40000 13.69737600
104.70000 15.22819200
105.00000 17.45587200
105.30000 17.45587200
105.60000 17.45587200
105.90000 17.46729600
106.20000 16.80470400
106.50000 17.46729600
106.80000 17.42160000
107.10000 18.84960000
107.40000 17.46729600
107.70000 11.46969600
108.00000 17.46729600
108.30000 17.46729600
108.60000 12.28080000
108.90000 12.17798400
109.20000 17.02176000
109.50000 17.20454400
109.80000 18.81532800
110.10000 18.15273600
110.40000 17.46729600
110.70000 19.51219200
111.00000 7.88256000
111.30000 9.20774400
111.60000 17.45587200
111.90000 8.08819200
112.20000 5.99760000
112.50000 15.10252800
112.80000 11.53824000
113.10000 13.82304000
113.40000 9.18489600
113.70000 17.46729600
114.00000 13.83446400
114.30000 8.52230400
114.60000 17.04460800
114.90000 11.22979200
115.20000 6.13468800
115.50000 12.26937600
115.80000 17.45587200
116.10000 17.04460800
116.40000 17.21596800
116.70000 8.21385600
117.00000 5.47209600
117.30000 16.02787200
117.60000 18.22128000
117.90000 8.21385600
118.20000 13.58313600
118.50000 16.05072000
118.80000 13.48032000
119.10000 8.79648000
119.40000 17.19312000
119.70000 11.05843200
120.00000 17.21596800
120.30000 17.46729600
120.60000 19.48934400
120.90000 17.44444800
121.20000 14.00582400
121.50000 3.80419200
121.80000 18.07276800
122.10000 18.24412800
122.40000 14.02867200
122.70000 14.88547200
123.00000 17.44444800
123.30000 11.48112000
123.60000 18.71251200
123.90000 18.26697600
124.20000 16.80470400
124.50000 11.43542400
124.80000 17.46729600
125.10000 19.53504000
125.40000 17.46729600
125.70000 17.42160000
126.00000 17.44444800
126.30000 17.45587200
126.60000 17.46729600
126.90000 13.44604800
127.20000 8.84217600
127.50000 17.45587200
127.80000 17.45587200
128.10000 16.80470400
128.40000 11.54966400
128.70000 17.46729600
129.00000 19.14662400
129.30000 11.21836800
129.60000 18.31267200
129.90000 17.45587200
130.20000 16.42771200
130.50000 17.19312000
130.80000 11.41257600
131.10000 11.14982400
131.40000 11.12697600
131.70000 17.45587200
132.00000 5.54064000
132.30000 11.48112000
132.60000 13.52601600
132.90000 13.82304000
133.20000 18.36979200
133.50000 12.40646400
133.80000 11.48112000
134.10000 15.60518400
134.40000 14.04009600
134.70000 17.45587200
135.00000 17.09030400
135.30000 13.97155200
135.60000 14.69126400
135.90000 17.46729600
136.20000 16.80470400
136.50000 17.43302400
136.80000 17.41017600
137.10000 17.46729600
137.40000 19.50076800
137.70000 16.14211200
138.00000 17.46729600
138.30000 17.45587200
138.60000 18.63254400
138.90000 17.66150400
139.20000 5.70057600
139.50000 13.00051200
139.80000 17.17027200
140.10000 18.62112000
140.40000 12.14371200
140.70000 17.17027200
141.00000 17.46729600
141.30000 17.46729600
141.60000 17.46729600
141.90000 16.80470400
142.20000 11.36688000
142.50000 18.38121600
142.80000 13.70880000
143.10000 8.47660800
143.40000 11.45827200
143.70000 17.45587200
144.00000 17.10172800
144.30000 11.12697600
144.60000 19.52361600
144.90000 17.44444800
145.20000 17.46729600
145.50000 11.12697600
145.80000 16.80470400
146.10000 14.14291200
146.40000 14.56560000
146.70000 11.45827200
147.00000 17.46729600
147.30000 17.44444800
147.60000 17.45587200
147.90000 10.61289600
148.20000 17.60438400
148.50000 18.41548800
148.80000 17.45587200
149.10000 16.14211200
149.40000 5.49494400
149.70000 11.53824000
150.00000 17.45587200
150.30000 3.11875200
150.60000 0.36556800
150.90000 11.64105600
151.20000 16.07356800
151.50000 19.19232000
151.80000 11.46969600
152.10000 12.55497600
152.40000 12.48643200
152.70000 10.79568000
153.00000 16.81612800
153.30000 16.79328000
153.60000 17.44444800
153.90000 17.45587200
154.20000 17.44444800
154.50000 8.86502400
