0.30000 2.76489600
0.60000 15.49094400
0.90000 10.96704000
1.20000 19.53504000
1.50000 11.53824000
1.80000 16.81612800
2.10000 10.88707200
2.40000 17.45587200
2.70000 17.43302400
3.00000 17.43302400
3.30000 16.80470400
3.60000 11.44684800
3.90000 11.41257600
4.20000 17.46729600
4.50000 11.45827200
4.80000 19.46649600
5.10000 11.52681600
5.40000 11.90380800
5.70000 17.03318400
6.00000 16.81612800
6.30000 5.56348800
6.60000 17.46729600
6.90000 11.89238400
7.20000 11.44684800
7.50000 16.34774400
7.80000 17.45587200
8.10000 11.49254400
8.40000 16.80470400
8.70000 17.44444800
9.00000 10.90992000
9.30000 11.93808000
9.60000 16.38201600
9.90000 19.45507200
10.20000 6.06614400
10.50000 16.37059200
10.80000 16.16496000
11.10000 16.14211200
11.40000 19.51219200
11.70000 16.81612800
12.00000 18.88387200
12.30000 11.44684800
12.60000 17.46729600
12.90000 16.83897600
13.20000 11.96092800
13.50000 15.68515200
13.80000 17.44444800
14.10000 17.46729600
14.40000 17.45587200
14.70000 12.01804800
15.00000 11.48112000
15.30000 20.94019200
15.60000 11.57251200
15.90000 19.42080000
16.20000 19.61500800
16.50000 13.44604800
16.80000 12.15513600
17.10000 16.21065600
17.40000 17.39875200
17.70000 17.46729600
18.00000 17.46729600
18.30000 16.80470400
18.60000 19.48934400
18.90000 11.46969600
19.20000 12.12086400
19.50000 16.81612800
19.80000 17.43302400
20.10000 17.46729600
20.40000 17.46729600
20.70000 17.45587200
21.00000 17.46729600
21.30000 17.46729600
21.60000 17.44444800
21.90000 16.86182400
22.20000 17.36448000
22.50000 18.72393600
22.80000 17.61580800
23.10000 6.78585600
23.40000 17.59296000
23.70000 17.45587200
24.00000 6.27177600
24.30000 10.73856000
24.60000 19.36368000
24.90000 12.37219200
25.20000 5.82624000
25.50000 15.74227200
25.80000 17.46729600
26.10000 17.45587200
26.40000 5.47209600
26.70000 16.78185600
27.00000 10.81852800
27.30000 13.53744000
27.60000 10.76140800
27.90000 16.86182400
28.20000 12.24652800
28.50000 16.08499200
28.80000 11.42400000
29.10000 16.80470400
29.40000 19.53504000
29.70000 16.86182400
30.00000 16.09641600
30.30000 17.46729600
30.60000 16.79328000
30.90000 17.46729600
31.20000 17.46729600
31.50000 18.39264000
31.80000 16.15353600
32.10000 16.16496000
32.40000 11.43542400
32.70000 15.50236800
33.00000 5.99760000
33.30000 9.51619200
33.60000 15.71942400
33.90000 10.39584000
34.20000 16.13068800
34.50000 16.16496000
34.80000 16.16496000
35.10000 11.51539200
35.40000 5.02656000
35.70000 15.71942400
36.00000 10.71571200
36.30000 10.31587200
36.60000 16.16496000
36.90000 10.30444800
37.20000 16.11926400
37.50000 15.46809600
37.80000 16.27920000
38.10000 1.03958400
38.40000 18.26697600
38.70000 10.95561600
39.00000 14.58844800
39.30000 16.48483200
39.60000 11.42400000
39.90000 17.46729600
40.20000 17.45587200
40.50000 17.46729600
40.80000 6.85440000
41.10000 12.71491200
41.40000 12.79488000
41.70000 10.40726400
42.00000 17.46729600
42.30000 17.45587200
42.60000 17.46729600
42.90000 19.53504000
43.20000 17.46729600
43.50000 17.45587200
43.80000 14.65699200
44.10000 15.26246400
44.40000 11.04700800
44.70000 16.16496000
45.00000 15.71942400
45.30000 5.20934400
45.60000 6.24892800
45.90000 9.65328000
46.20000 6.39744000
46.50000 14.58844800
46.80000 15.70800000
47.10000 16.16496000
47.40000 15.29673600
47.70000 17.69577600
48.00000 16.16496000
48.30000 15.70800000
48.60000 16.15353600
48.90000 10.86422400
49.20000 16.41628800
49.50000 16.16496000
49.80000 16.21065600
50.10000 16.85040000
50.40000 10.47580800
50.70000 9.75609600
51.00000 17.35305600
51.30000 17.46729600
51.60000 11.53824000
51.90000 12.73776000
52.20000 16.19923200
52.50000 12.08659200
52.80000 10.25875200
53.10000 17.45587200
53.40000 17.45587200
53.70000 17.46729600
54.00000 17.46729600
54.30000 16.80470400
54.60000 17.45587200
54.90000 10.97846400
55.20000 16.81612800
55.50000 17.46729600
55.80000 17.45587200
56.10000 17.45587200
56.40000 5.48352000
56.70000 13.16044800
57.00000 17.81001600
57.30000 11.42400000
57.60000 5.50636800
57.90000 13.52601600
58.20000 19.53504000
58.50000 7.15142400
58.80000 15.83366400
59.10000 12.64636800
59.40000 19.23801600
59.70000 17.46729600
60.00000 16.81612800
60.30000 17.45587200
60.60000 13.50316800
60.90000 17.46729600
61.20000 16.90752000
61.50000 17.31878400
61.80000 19.12377600
62.10000 17.17027200
62.40000 19.50076800
62.70000 17.46729600
63.00000 18.98668800
63.30000 11.33260800
63.60000 10.93276800
63.90000 13.41177600
64.20000 21.16867200
64.50000 12.71491200
64.80000 15.45667200
65.10000 11.43542400
65.40000 13.00051200
65.70000 15.99360000
66.00000 16.80470400
66.30000 11.44684800
66.60000 12.34934400
66.90000 9.41337600
67.20000 13.02336000
67.50000 6.98006400
67.80000 15.84508800
68.10000 17.44444800
68.40000 16.95321600
68.70000 11.28691200
69.00000 11.42400000
69.30000 16.14211200
69.60000 17.45587200
69.90000 17.46729600
70.20000 7.35705600
70.50000 10.33872000
70.80000 17.45587200
71.10000 16.81612800
71.40000 11.52681600
71.70000 17.46729600
72.00000 11.46969600
72.30000 11.00131200
72.60000 17.27308800
72.90000 21.05443200
73.20000 18.89529600
73.50000 19.99200000
73.80000 17.45587200
74.10000 11.43542400
74.40000 11.08128000
74.70000 17.28451200
75.00000 11.42400000
75.30000 17.44444800
75.60000 11.48112000
75.90000 13.16044800
76.20000 15.81081600
76.50000 17.46729600
76.80000 16.79328000
77.10000 17.46729600
77.40000 17.46729600
77.70000 16.81612800
78.00000 16.80470400
78.30000 10.44153600
78.60000 16.16496000
78.90000 11.26406400
79.20000 16.81612800
79.50000 11.09270400
79.80000 18.83817600
80.10000 17.31878400
80.40000 17.46729600
80.70000 11.43542400
81.00000 17.45587200
81.30000 17.46729600
81.60000 17.45587200
81.90000 16.32489600
82.20000 12.81772800
82.50000 18.00422400
82.80000 16.16496000
83.10000 13.29753600
83.40000 10.96704000
83.70000 5.80339200
84.00000 14.20003200
84.30000 7.31136000
84.60000 17.19312000
84.90000 15.95932800
85.20000 9.59616000
85.50000 7.43702400
85.80000 15.49094400
86.10000 12.44073600
86.40000 11.53824000
86.70000 9.93888000
87.00000 6.93436800
87.30000 14.29142400
87.60000 16.16496000
87.90000 16.16496000
88.20000 15.71942400
88.50000 16.15353600
88.80000 16.13068800
89.10000 16.57622400
89.40000 6.98006400
89.70000 14.54275200
90.00000 17.91283200
90.30000 7.11715200
90.60000 5.18649600
90.90000 13.96012800
91.20000 15.26246400
91.50000 10.54435200
91.80000 10.78425600
92.10000 15.84508800
92.40000 12.38361600
92.70000 14.98828800
93.00000 16.61049600
93.30000 17.45587200
93.60000 17.45587200
93.90000 11.45827200
94.20000 15.53664000
94.50000 15.42240000
94.80000 17.46729600
95.10000 16.78185600
95.40000 17.46729600
95.70000 11.45827200
96.00000 11.42400000
96.30000 17.46729600
96.60000 11.46969600
96.90000 17.46729600
97.20000 13.53744000
97.50000 15.44524800
97.80000 13.50316800
98.10000 16.90752000
98.40000 17.44444800
98.70000 11.43542400
99.00000 11.53824000
99.30000 2.17056000
99.60000 4.30684800
99.90000 18.12988800
100.20000 17.01033600
100.50000 17.26166400
100.80000 16.80470400
101.10000 13.62883200
101.40000 20.89449600
101.70000 11.53824000
102.00000 17.46729600
102.30000 17.43302400
102.60000 13.16044800
102.90000 14.25715200
103.20000 16.16496000
103.50000 15.70800000
103.80000 12.66921600
104.10000 8.67081600
104.40000 12.68064000
104.70000 14.26857600
105.00000 16.16496000
105.30000 15.84508800
105.60000 16.01644800
105.90000 16.14211200
106.20000 16.14211200
106.50000 16.15353600
106.80000 12.70348800
107.10000 14.17718400
107.40000 16.16496000
107.70000 15.90220800
108.00000 0.00000000
108.30000 0.00000000
108.60000 0.00000000
108.90000 0.00000000
109.20000 0.00000000
109.50000 0.00000000
109.80000 0.00000000
110.10000 10.23590400
110.40000 7.85971200
110.70000 15.86793600
111.00000 5.50636800
111.30000 9.17347200
111.60000 17.46729600
111.90000 8.11104000
112.20000 5.96332800
112.50000 15.05683200
112.80000 11.46969600
113.10000 13.83446400
113.40000 15.04540800
113.70000 17.45587200
114.00000 13.90300800
114.30000 9.72182400
114.60000 14.64556800
114.90000 9.03638400
115.20000 6.18038400
115.50000 12.26937600
115.80000 17.46729600
116.10000 17.43302400
116.40000 17.45587200
116.70000 8.25955200
117.00000 5.50636800
117.30000 14.29142400
117.60000 17.20454400
117.90000 14.00582400
118.20000 14.42851200
118.50000 19.52361600
118.80000 13.96012800
119.10000 8.65939200
119.40000 17.20454400
119.70000 11.02416000
120.00000 13.78876800
120.30000 14.96544000
120.60000 17.45587200
120.90000 17.45587200
121.20000 14.00582400
121.50000 3.65568000
121.80000 16.79328000
122.10000 17.46729600
122.40000 14.05152000
122.70000 14.82835200
123.00000 16.81612800
123.30000 11.53824000
123.60000 17.46729600
123.90000 17.45587200
124.20000 16.80470400
124.50000 11.46969600
124.80000 17.46729600
125.10000 19.51219200
125.40000 17.46729600
125.70000 17.44444800
126.00000 17.44444800
126.30000 17.44444800
126.60000 17.46729600
126.90000 14.16576000
127.20000 8.85360000
127.50000 17.45587200
127.80000 17.45587200
128.10000 17.46729600
128.40000 11.46969600
128.70000 17.46729600
129.00000 19.11235200
129.30000 6.29462400
129.60000 12.10944000
129.90000 17.18169600
130.20000 16.42771200
130.50000 17.19312000
130.80000 13.50316800
131.10000 11.18409600
131.40000 11.14982400
131.70000 17.45587200
132.00000 5.41497600
132.30000 11.54966400
132.60000 13.61740800
132.90000 7.93968000
133.20000 16.51910400
133.50000 11.51539200
133.80000 11.52681600
134.10000 8.35094400
134.40000 13.98297600
134.70000 17.45587200
135.00000 17.10172800
135.30000 14.02867200
135.60000 14.61129600
135.90000 19.52361600
136.20000 16.80470400
136.50000 11.52681600
136.80000 11.42400000
137.10000 17.10172800
137.40000 11.20694400
137.70000 16.16496000
138.00000 17.44444800
138.30000 17.46729600
138.60000 18.59827200
138.90000 17.68435200
139.20000 6.31747200
139.50000 10.32729600
139.80000 14.54275200
140.10000 17.92425600
140.40000 12.18940800
140.70000 17.17027200
141.00000 17.45587200
141.30000 17.46729600
141.60000 17.45587200
141.90000 16.81612800
142.20000 11.51539200
142.50000 20.46038400
142.80000 13.78876800
143.10000 8.52230400
143.40000 11.54966400
143.70000 17.45587200
144.00000 17.44444800
144.30000 11.53824000
144.60000 19.51219200
144.90000 17.45587200
145.20000 17.45587200
145.50000 17.11315200
145.80000 16.81612800
146.10000 13.64025600
146.40000 10.78425600
146.70000 7.99680000
147.00000 16.34774400
147.30000 16.15353600
147.60000 16.16496000
147.90000 15.45667200
148.20000 16.93036800
148.50000 18.63254400
148.80000 15.69657600
149.10000 16.15353600
149.40000 10.17878400
149.70000 10.79568000
150.00000 16.14211200
150.30000 2.79888000
150.60000 0.28560000
150.90000 10.80710400
151.20000 14.49705600
151.50000 17.67292800
151.80000 10.72713600
152.10000 11.76672000
152.40000 13.42320000
152.70000 10.43011200
153.00000 16.25635200
153.30000 16.13068800
153.60000 18.15273600
153.90000 18.47260800
154.20000 17.46729600
154.50000 17.45587200
154.80000 19.52361600
155.10000 19.52361600
155.40000 17.44444800
155.70000 10.96704000
156.00000 10.89849600
156.30000 16.61049600
156.60000 16.66761600
156.90000 14.16576000
157.20000 8.17958400
157.50000 11.00131200
157.80000 11.04700800
158.10000 16.88467200
